       N       E                     dE             d eps       ncg     rms          rms(c)
DIA:   1     0.304710885423E+01    0.30471E+01    0.00000E+00     0   0.000E+00
DIA:   2     0.304710885423E+01    0.68212E-12    0.00000E+00     0   0.000E+00
DIA:   3     0.304710885423E+01    0.23874E-11    0.00000E+00     0   0.000E+00
DIA:   4     0.304710885423E+01   -0.59117E-11    0.00000E+00     0   0.000E+00
