       N       E                     dE             d eps       ncg     rms          rms(c)
DIA:   1    -0.190087744083E+02   -0.19009E+02    0.00000E+00     0   0.000E+00
DIA:   2    -0.190087744083E+02    0.36380E-11    0.00000E+00     0   0.000E+00
